32=0,18,0,37
33=20,38,0,37
34=40,58,0,37
35=60,78,0,37
36=80,98,0,37
37=100,118,0,37
38=120,138,0,37
39=140,158,0,37
40=160,178,0,37
41=180,198,0,37
42=200,218,0,37
43=220,238,0,37
44=240,258,0,37
45=260,278,0,37
46=280,298,0,37
47=300,318,0,37
48=320,338,0,37
49=340,358,0,37
50=360,378,0,37
51=380,398,0,37
52=400,418,0,37
53=420,438,0,37
54=440,458,0,37
55=460,478,0,37
56=480,498,0,37
57=0,18,39,76
58=20,38,39,76
59=40,58,39,76
60=60,78,39,76
61=80,98,39,76
62=100,118,39,76
63=120,138,39,76
64=140,158,39,76
65=160,178,39,76
66=180,198,39,76
67=200,218,39,76
68=220,238,39,76
69=240,258,39,76
70=260,278,39,76
71=280,298,39,76
72=300,318,39,76
73=320,338,39,76
74=340,358,39,76
75=360,378,39,76
76=380,398,39,76
77=400,418,39,76
78=420,438,39,76
79=440,458,39,76
80=460,478,39,76
81=480,498,39,76
82=0,18,78,115
83=20,38,78,115
84=40,58,78,115
85=60,78,78,115
86=80,98,78,115
87=100,118,78,115
88=120,138,78,115
89=140,158,78,115
90=160,178,78,115
91=180,198,78,115
92=200,218,78,115
93=220,238,78,115
94=240,258,78,115
95=260,278,78,115
96=280,298,78,115
97=300,318,78,115
98=320,338,78,115
99=340,358,78,115
100=360,378,78,115
101=380,398,78,115
102=400,418,78,115
103=420,438,78,115
104=440,458,78,115
105=460,478,78,115
106=480,498,78,115
107=0,18,117,154
108=20,38,117,154
109=40,58,117,154
110=60,78,117,154
111=80,98,117,154
112=100,118,117,154
113=120,138,117,154
114=140,158,117,154
115=160,178,117,154
116=180,198,117,154
117=200,218,117,154
118=220,238,117,154
119=240,258,117,154
120=260,278,117,154
121=280,298,117,154
122=300,318,117,154
123=320,338,117,154
124=340,358,117,154
125=360,378,117,154
126=380,398,117,154
127=400,418,117,154
128=420,438,117,154
129=440,440,117,154
130=442,460,117,154
131=462,480,117,154
132=482,500,117,154
133=0,18,156,193
134=20,38,156,193
135=40,58,156,193
136=60,78,156,193
137=80,98,156,193
138=100,118,156,193
139=120,138,156,193
140=140,158,156,193
141=160,160,156,193
142=162,180,156,193
143=182,182,156,193
144=184,184,156,193
145=186,204,156,193
146=206,224,156,193
147=226,244,156,193
148=246,264,156,193
149=266,284,156,193
150=286,304,156,193
151=306,324,156,193
152=326,344,156,193
153=346,364,156,193
154=366,384,156,193
155=386,404,156,193
156=406,424,156,193
157=426,426,156,193
158=428,446,156,193
159=448,466,156,193
160=468,486,156,193
161=488,506,156,193
162=0,18,195,232
163=20,38,195,232
164=40,58,195,232
165=60,78,195,232
166=80,98,195,232
167=100,118,195,232
168=120,138,195,232
169=140,158,195,232
170=160,178,195,232
171=180,198,195,232
172=200,218,195,232
173=220,238,195,232
174=240,258,195,232
175=260,278,195,232
176=280,298,195,232
177=300,318,195,232
178=320,338,195,232
179=340,358,195,232
180=360,378,195,232
181=380,398,195,232
182=400,418,195,232
183=420,438,195,232
184=440,458,195,232
185=460,478,195,232
186=480,498,195,232
187=0,18,234,271
188=20,38,234,271
189=40,58,234,271
190=60,78,234,271
191=80,98,234,271
192=100,118,234,271
193=120,138,234,271
194=140,158,234,271
195=160,178,234,271
196=180,198,234,271
197=200,218,234,271
198=220,238,234,271
199=240,258,234,271
200=260,278,234,271
201=280,298,234,271
202=300,318,234,271
203=320,338,234,271
204=340,358,234,271
205=360,378,234,271
206=380,398,234,271
207=400,418,234,271
208=420,438,234,271
209=440,458,234,271
210=460,478,234,271
211=480,498,234,271
212=0,18,273,310
213=20,38,273,310
214=40,58,273,310
215=60,78,273,310
216=80,98,273,310
217=100,118,273,310
218=120,138,273,310
219=140,158,273,310
220=160,178,273,310
221=180,198,273,310
222=200,218,273,310
223=220,238,273,310
224=240,258,273,310
225=260,278,273,310
226=280,298,273,310
227=300,318,273,310
228=320,338,273,310
229=340,358,273,310
230=360,378,273,310
231=380,398,273,310
232=400,418,273,310
233=420,438,273,310
234=440,458,273,310
235=460,478,273,310
236=480,498,273,310
237=0,18,312,349
238=20,38,312,349
239=40,58,312,349
240=60,78,312,349
241=80,98,312,349
242=100,118,312,349
243=120,138,312,349
244=140,158,312,349
245=160,178,312,349
246=180,198,312,349
247=200,218,312,349
248=220,238,312,349
249=240,258,312,349
250=260,278,312,349
251=280,298,312,349
252=300,318,312,349
253=320,338,312,349
