32=0,10,0,21
33=12,22,0,21
34=24,34,0,21
35=36,46,0,21
36=48,58,0,21
37=60,70,0,21
38=72,82,0,21
39=84,94,0,21
40=96,106,0,21
41=108,118,0,21
42=120,130,0,21
43=132,142,0,21
44=144,154,0,21
45=156,166,0,21
46=168,178,0,21
47=180,190,0,21
48=192,202,0,21
49=204,214,0,21
50=216,226,0,21
51=228,238,0,21
52=240,250,0,21
53=0,10,23,44
54=12,22,23,44
55=24,34,23,44
56=36,46,23,44
57=48,58,23,44
58=60,70,23,44
59=72,82,23,44
60=84,94,23,44
61=96,106,23,44
62=108,118,23,44
63=120,130,23,44
64=132,142,23,44
65=144,154,23,44
66=156,166,23,44
67=168,178,23,44
68=180,190,23,44
69=192,202,23,44
70=204,214,23,44
71=216,226,23,44
72=228,238,23,44
73=240,250,23,44
74=0,10,46,67
75=12,22,46,67
76=24,34,46,67
77=36,46,46,67
78=48,58,46,67
79=60,70,46,67
80=72,82,46,67
81=84,94,46,67
82=96,106,46,67
83=108,118,46,67
84=120,130,46,67
85=132,142,46,67
86=144,154,46,67
87=156,166,46,67
88=168,178,46,67
89=180,190,46,67
90=192,202,46,67
91=204,214,46,67
92=216,226,46,67
93=228,238,46,67
94=240,250,46,67
95=0,10,69,90
96=12,22,69,90
97=24,34,69,90
98=36,46,69,90
99=48,58,69,90
100=60,70,69,90
101=72,82,69,90
102=84,94,69,90
103=96,106,69,90
104=108,118,69,90
105=120,130,69,90
106=132,142,69,90
107=144,154,69,90
108=156,166,69,90
109=168,178,69,90
110=180,190,69,90
111=192,202,69,90
112=204,214,69,90
113=216,226,69,90
114=228,238,69,90
115=240,250,69,90
116=0,10,92,113
117=12,22,92,113
118=24,34,92,113
119=36,46,92,113
120=48,58,92,113
121=60,70,92,113
122=72,82,92,113
123=84,94,92,113
124=96,106,92,113
125=108,118,92,113
126=120,130,92,113
127=132,142,92,113
128=144,154,92,113
129=156,156,92,113
130=158,168,92,113
131=170,180,92,113
132=182,192,92,113
133=194,204,92,113
134=206,216,92,113
135=218,228,92,113
136=230,240,92,113
137=242,252,92,113
138=0,10,115,136
139=12,22,115,136
140=24,34,115,136
141=36,36,115,136
142=38,48,115,136
143=50,50,115,136
144=52,52,115,136
145=54,64,115,136
146=66,76,115,136
147=78,88,115,136
148=90,100,115,136
149=102,112,115,136
150=114,124,115,136
151=126,136,115,136
152=138,148,115,136
153=150,160,115,136
154=162,172,115,136
155=174,184,115,136
156=186,196,115,136
157=198,198,115,136
158=200,210,115,136
159=212,222,115,136
160=224,234,115,136
161=236,246,115,136
162=0,10,138,159
163=12,22,138,159
164=24,34,138,159
165=36,46,138,159
166=48,58,138,159
167=60,70,138,159
168=72,82,138,159
169=84,94,138,159
170=96,106,138,159
171=108,118,138,159
172=120,130,138,159
173=132,142,138,159
174=144,154,138,159
175=156,166,138,159
176=168,178,138,159
177=180,190,138,159
178=192,202,138,159
179=204,214,138,159
180=216,226,138,159
181=228,238,138,159
182=240,250,138,159
183=0,10,161,182
184=12,22,161,182
185=24,34,161,182
186=36,46,161,182
187=48,58,161,182
188=60,70,161,182
189=72,82,161,182
190=84,94,161,182
191=96,106,161,182
192=108,118,161,182
193=120,130,161,182
194=132,142,161,182
195=144,154,161,182
196=156,166,161,182
197=168,178,161,182
198=180,190,161,182
199=192,202,161,182
200=204,214,161,182
201=216,226,161,182
202=228,238,161,182
203=240,250,161,182
204=0,10,184,205
205=12,22,184,205
206=24,34,184,205
207=36,46,184,205
208=48,58,184,205
209=60,70,184,205
210=72,82,184,205
211=84,94,184,205
212=96,106,184,205
213=108,118,184,205
214=120,130,184,205
215=132,142,184,205
216=144,154,184,205
217=156,166,184,205
218=168,178,184,205
219=180,190,184,205
220=192,202,184,205
221=204,214,184,205
222=216,226,184,205
223=228,238,184,205
224=240,250,184,205
225=0,10,207,228
226=12,22,207,228
227=24,34,207,228
228=36,46,207,228
229=48,58,207,228
230=60,70,207,228
231=72,82,207,228
232=84,94,207,228
233=96,106,207,228
234=108,118,207,228
235=120,130,207,228
236=132,142,207,228
237=144,154,207,228
238=156,166,207,228
239=168,178,207,228
240=180,190,207,228
241=192,202,207,228
242=204,214,207,228
243=216,226,207,228
244=228,238,207,228
245=240,250,207,228
246=0,10,230,251
247=12,22,230,251
248=24,34,230,251
249=36,46,230,251
250=48,58,230,251
251=60,70,230,251
252=72,82,230,251
253=84,94,230,251

