32=0,32,0,64
33=34,66,0,64
34=68,100,0,64
35=102,134,0,64
36=136,168,0,64
37=170,202,0,64
38=204,236,0,64
39=238,270,0,64
40=272,304,0,64
41=306,338,0,64
42=340,372,0,64
43=374,406,0,64
44=408,440,0,64
45=442,474,0,64
46=476,508,0,64
47=510,542,0,64
48=544,576,0,64
49=578,610,0,64
50=612,644,0,64
51=646,678,0,64
52=680,712,0,64
53=714,746,0,64
54=748,780,0,64
55=782,814,0,64
56=816,848,0,64
57=850,882,0,64
58=884,916,0,64
59=918,950,0,64
60=952,984,0,64
61=986,1018,0,64
62=0,32,66,130
63=34,66,66,130
64=68,100,66,130
65=102,134,66,130
66=136,168,66,130
67=170,202,66,130
68=204,236,66,130
69=238,270,66,130
70=272,304,66,130
71=306,338,66,130
72=340,372,66,130
73=374,406,66,130
74=408,440,66,130
75=442,474,66,130
76=476,508,66,130
77=510,542,66,130
78=544,576,66,130
79=578,610,66,130
80=612,644,66,130
81=646,678,66,130
82=680,712,66,130
83=714,746,66,130
84=748,780,66,130
85=782,814,66,130
86=816,848,66,130
87=850,882,66,130
88=884,916,66,130
89=918,950,66,130
90=952,984,66,130
91=986,1018,66,130
92=0,32,132,196
93=34,66,132,196
94=68,100,132,196
95=102,134,132,196
96=136,168,132,196
97=170,202,132,196
98=204,236,132,196
99=238,270,132,196
100=272,304,132,196
101=306,338,132,196
102=340,372,132,196
103=374,406,132,196
104=408,440,132,196
105=442,474,132,196
106=476,508,132,196
107=510,542,132,196
108=544,576,132,196
109=578,610,132,196
110=612,644,132,196
111=646,678,132,196
112=680,712,132,196
113=714,746,132,196
114=748,780,132,196
115=782,814,132,196
116=816,848,132,196
117=850,882,132,196
118=884,916,132,196
119=918,950,132,196
120=952,984,132,196
121=986,1018,132,196
122=0,32,198,262
123=34,66,198,262
124=68,100,198,262
125=102,134,198,262
126=136,168,198,262
127=170,202,198,262
128=204,236,198,262
129=238,238,198,262
130=240,272,198,262
131=274,306,198,262
132=308,340,198,262
133=342,374,198,262
134=376,408,198,262
135=410,442,198,262
136=444,476,198,262
137=478,510,198,262
138=512,544,198,262
139=546,578,198,262
140=580,612,198,262
141=614,614,198,262
142=616,648,198,262
143=650,650,198,262
144=652,652,198,262
145=654,686,198,262
146=688,720,198,262
147=722,754,198,262
148=756,788,198,262
149=790,822,198,262
150=824,856,198,262
151=858,890,198,262
152=892,924,198,262
153=926,958,198,262
154=960,992,198,262
155=0,32,264,328
156=34,66,264,328
157=68,68,264,328
158=70,102,264,328
159=104,136,264,328
160=138,170,264,328
161=172,204,264,328
162=206,238,264,328
163=240,272,264,328
164=274,306,264,328
165=308,340,264,328
166=342,374,264,328
167=376,408,264,328
168=410,442,264,328
169=444,476,264,328
170=478,510,264,328
171=512,544,264,328
172=546,578,264,328
173=580,612,264,328
174=614,646,264,328
175=648,680,264,328
176=682,714,264,328
177=716,748,264,328
178=750,782,264,328
179=784,816,264,328
180=818,850,264,328
181=852,884,264,328
182=886,918,264,328
183=920,952,264,328
184=954,986,264,328
185=988,1020,264,328
186=0,32,330,394
187=34,66,330,394
188=68,100,330,394
189=102,134,330,394
190=136,168,330,394
191=170,202,330,394
192=204,236,330,394
193=238,270,330,394
194=272,304,330,394
195=306,338,330,394
196=340,372,330,394
197=374,406,330,394
198=408,440,330,394
199=442,474,330,394
200=476,508,330,394
201=510,542,330,394
202=544,576,330,394
203=578,610,330,394
204=612,644,330,394
205=646,678,330,394
206=680,712,330,394
207=714,746,330,394
208=748,780,330,394
209=782,814,330,394
210=816,848,330,394
211=850,882,330,394
212=884,916,330,394
213=918,950,330,394
214=952,984,330,394
215=986,1018,330,394
216=0,32,396,460
217=34,66,396,460
218=68,100,396,460
219=102,134,396,460
220=136,168,396,460
221=170,202,396,460
222=204,236,396,460
223=238,270,396,460
224=272,304,396,460
225=306,338,396,460
226=340,372,396,460
227=374,406,396,460
228=408,440,396,460
229=442,474,396,460
230=476,508,396,460
231=510,542,396,460
232=544,576,396,460
233=578,610,396,460
234=612,644,396,460
235=646,678,396,460
236=680,712,396,460
237=714,746,396,460
238=748,780,396,460
239=782,814,396,460
240=816,848,396,460
241=850,882,396,460
242=884,916,396,460
243=918,950,396,460
244=952,984,396,460
245=986,1018,396,460
246=0,32,462,526
247=34,66,462,526
248=68,100,462,526
249=102,134,462,526
250=136,168,462,526
251=170,202,462,526
252=204,236,462,526
253=238,270,462,526

