32=0,8,0,16
33=10,18,0,16
34=20,28,0,16
35=30,38,0,16
36=40,48,0,16
37=50,58,0,16
38=60,68,0,16
39=70,78,0,16
40=80,88,0,16
41=90,98,0,16
42=100,108,0,16
43=110,118,0,16
44=120,128,0,16
45=130,138,0,16
46=140,148,0,16
47=150,158,0,16
48=160,168,0,16
49=170,178,0,16
50=180,188,0,16
51=190,198,0,16
52=200,208,0,16
53=210,218,0,16
54=220,228,0,16
55=230,238,0,16
56=240,248,0,16
57=0,8,18,34
58=10,18,18,34
59=20,28,18,34
60=30,38,18,34
61=40,48,18,34
62=50,58,18,34
63=60,68,18,34
64=70,78,18,34
65=80,88,18,34
66=90,98,18,34
67=100,108,18,34
68=110,118,18,34
69=120,128,18,34
70=130,138,18,34
71=140,148,18,34
72=150,158,18,34
73=160,168,18,34
74=170,178,18,34
75=180,188,18,34
76=190,198,18,34
77=200,208,18,34
78=210,218,18,34
79=220,228,18,34
80=230,238,18,34
81=240,248,18,34
82=0,8,36,52
83=10,18,36,52
84=20,28,36,52
85=30,38,36,52
86=40,48,36,52
87=50,58,36,52
88=60,68,36,52
89=70,78,36,52
90=80,88,36,52
91=90,98,36,52
92=100,108,36,52
93=110,118,36,52
94=120,128,36,52
95=130,138,36,52
96=140,148,36,52
97=150,158,36,52
98=160,168,36,52
99=170,178,36,52
100=180,188,36,52
101=190,198,36,52
102=200,208,36,52
103=210,218,36,52
104=220,228,36,52
105=230,238,36,52
106=240,248,36,52
107=0,8,54,70
108=10,18,54,70
109=20,28,54,70
110=30,38,54,70
111=40,48,54,70
112=50,58,54,70
113=60,68,54,70
114=70,78,54,70
115=80,88,54,70
116=90,98,54,70
117=100,108,54,70
118=110,118,54,70
119=120,128,54,70
120=130,138,54,70
121=140,148,54,70
122=150,158,54,70
123=160,168,54,70
124=170,178,54,70
125=180,188,54,70
126=190,198,54,70
127=200,208,54,70
128=210,218,54,70
129=220,220,54,70
130=222,230,54,70
131=232,240,54,70
132=242,250,54,70
133=0,8,72,88
134=10,18,72,88
135=20,28,72,88
136=30,38,72,88
137=40,48,72,88
138=50,58,72,88
139=60,68,72,88
140=70,78,72,88
141=80,80,72,88
142=82,90,72,88
143=92,92,72,88
144=94,94,72,88
145=96,104,72,88
146=106,114,72,88
147=116,124,72,88
148=126,134,72,88
149=136,144,72,88
150=146,154,72,88
151=156,164,72,88
152=166,174,72,88
153=176,184,72,88
154=186,194,72,88
155=196,204,72,88
156=206,214,72,88
157=216,216,72,88
158=218,226,72,88
159=228,236,72,88
160=238,246,72,88
161=0,8,90,106
162=10,18,90,106
163=20,28,90,106
164=30,38,90,106
165=40,48,90,106
166=50,58,90,106
167=60,68,90,106
168=70,78,90,106
169=80,88,90,106
170=90,98,90,106
171=100,108,90,106
172=110,118,90,106
173=120,128,90,106
174=130,138,90,106
175=140,148,90,106
176=150,158,90,106
177=160,168,90,106
178=170,178,90,106
179=180,188,90,106
180=190,198,90,106
181=200,208,90,106
182=210,218,90,106
183=220,228,90,106
184=230,238,90,106
185=240,248,90,106
186=0,8,108,124
187=10,18,108,124
188=20,28,108,124
189=30,38,108,124
190=40,48,108,124
191=50,58,108,124
192=60,68,108,124
193=70,78,108,124
194=80,88,108,124
195=90,98,108,124
196=100,108,108,124
197=110,118,108,124
198=120,128,108,124
199=130,138,108,124
200=140,148,108,124
201=150,158,108,124
202=160,168,108,124
203=170,178,108,124
204=180,188,108,124
205=190,198,108,124
206=200,208,108,124
207=210,218,108,124
208=220,228,108,124
209=230,238,108,124
210=240,248,108,124
211=0,8,126,142
212=10,18,126,142
213=20,28,126,142
214=30,38,126,142
215=40,48,126,142
216=50,58,126,142
217=60,68,126,142
218=70,78,126,142
219=80,88,126,142
220=90,98,126,142
221=100,108,126,142
222=110,118,126,142
223=120,128,126,142
224=130,138,126,142
225=140,148,126,142
226=150,158,126,142
227=160,168,126,142
228=170,178,126,142
229=180,188,126,142
230=190,198,126,142
231=200,208,126,142
232=210,218,126,142
233=220,228,126,142
234=230,238,126,142
235=240,248,126,142
236=0,8,144,160
237=10,18,144,160
238=20,28,144,160
239=30,38,144,160
240=40,48,144,160
241=50,58,144,160
242=60,68,144,160
243=70,78,144,160
244=80,88,144,160
245=90,98,144,160
246=100,108,144,160
247=110,118,144,160
248=120,128,144,160
249=130,138,144,160
250=140,148,144,160
251=150,158,144,160
252=160,168,144,160
253=170,178,144,160

