32=0,12,0,23
33=14,26,0,23
34=28,40,0,23
35=42,54,0,23
36=56,68,0,23
37=70,82,0,23
38=84,96,0,23
39=98,110,0,23
40=112,124,0,23
41=126,138,0,23
42=140,152,0,23
43=154,166,0,23
44=168,180,0,23
45=182,194,0,23
46=196,208,0,23
47=210,222,0,23
48=224,236,0,23
49=238,250,0,23
50=252,264,0,23
51=266,278,0,23
52=280,292,0,23
53=294,306,0,23
54=308,320,0,23
55=322,334,0,23
56=336,348,0,23
57=350,362,0,23
58=364,376,0,23
59=378,390,0,23
60=392,404,0,23
61=406,418,0,23
62=420,432,0,23
63=434,446,0,23
64=448,460,0,23
65=462,474,0,23
66=476,488,0,23
67=490,502,0,23
68=0,12,25,48
69=14,26,25,48
70=28,40,25,48
71=42,54,25,48
72=56,68,25,48
73=70,82,25,48
74=84,96,25,48
75=98,110,25,48
76=112,124,25,48
77=126,138,25,48
78=140,152,25,48
79=154,166,25,48
80=168,180,25,48
81=182,194,25,48
82=196,208,25,48
83=210,222,25,48
84=224,236,25,48
85=238,250,25,48
86=252,264,25,48
87=266,278,25,48
88=280,292,25,48
89=294,306,25,48
90=308,320,25,48
91=322,334,25,48
92=336,348,25,48
93=350,362,25,48
94=364,376,25,48
95=378,390,25,48
96=392,404,25,48
97=406,418,25,48
98=420,432,25,48
99=434,446,25,48
100=448,460,25,48
101=462,474,25,48
102=476,488,25,48
103=490,502,25,48
104=0,12,50,73
105=14,26,50,73
106=28,40,50,73
107=42,54,50,73
108=56,68,50,73
109=70,82,50,73
110=84,96,50,73
111=98,110,50,73
112=112,124,50,73
113=126,138,50,73
114=140,152,50,73
115=154,166,50,73
116=168,180,50,73
117=182,194,50,73
118=196,208,50,73
119=210,222,50,73
120=224,236,50,73
121=238,250,50,73
122=252,264,50,73
123=266,278,50,73
124=280,292,50,73
125=294,306,50,73
126=308,320,50,73
127=322,334,50,73
128=336,348,50,73
129=350,350,50,73
130=352,364,50,73
131=366,378,50,73
132=380,392,50,73
133=394,406,50,73
134=408,420,50,73
135=422,434,50,73
136=436,448,50,73
137=450,462,50,73
138=464,476,50,73
139=478,490,50,73
140=492,504,50,73
141=506,506,50,73
142=0,12,75,98
143=14,14,75,98
144=16,16,75,98
145=18,30,75,98
146=32,44,75,98
147=46,58,75,98
148=60,72,75,98
149=74,86,75,98
150=88,100,75,98
151=102,114,75,98
152=116,128,75,98
153=130,142,75,98
154=144,156,75,98
155=158,170,75,98
156=172,184,75,98
157=186,186,75,98
158=188,200,75,98
159=202,214,75,98
160=216,228,75,98
161=230,242,75,98
162=244,256,75,98
163=258,270,75,98
164=272,284,75,98
165=286,298,75,98
166=300,312,75,98
167=314,326,75,98
168=328,340,75,98
169=342,354,75,98
170=356,368,75,98
171=370,382,75,98
172=384,396,75,98
173=398,410,75,98
174=412,424,75,98
175=426,438,75,98
176=440,452,75,98
177=454,466,75,98
178=468,480,75,98
179=482,494,75,98
180=496,508,75,98
181=0,12,100,123
182=14,26,100,123
183=28,40,100,123
184=42,54,100,123
185=56,68,100,123
186=70,82,100,123
187=84,96,100,123
188=98,110,100,123
189=112,124,100,123
190=126,138,100,123
191=140,152,100,123
192=154,166,100,123
193=168,180,100,123
194=182,194,100,123
195=196,208,100,123
196=210,222,100,123
197=224,236,100,123
198=238,250,100,123
199=252,264,100,123
200=266,278,100,123
201=280,292,100,123
202=294,306,100,123
203=308,320,100,123
204=322,334,100,123
205=336,348,100,123
206=350,362,100,123
207=364,376,100,123
208=378,390,100,123
209=392,404,100,123
210=406,418,100,123
211=420,432,100,123
212=434,446,100,123
213=448,460,100,123
214=462,474,100,123
215=476,488,100,123
216=490,502,100,123
217=0,12,125,148
218=14,26,125,148
219=28,40,125,148
220=42,54,125,148
221=56,68,125,148
222=70,82,125,148
223=84,96,125,148
224=98,110,125,148
225=112,124,125,148
226=126,138,125,148
227=140,152,125,148
228=154,166,125,148
229=168,180,125,148
230=182,194,125,148
231=196,208,125,148
232=210,222,125,148
233=224,236,125,148
234=238,250,125,148
235=252,264,125,148
236=266,278,125,148
237=280,292,125,148
238=294,306,125,148
239=308,320,125,148
240=322,334,125,148
241=336,348,125,148
242=350,362,125,148
243=364,376,125,148
244=378,390,125,148
245=392,404,125,148
246=406,418,125,148
247=420,432,125,148
248=434,446,125,148
249=448,460,125,148
250=462,474,125,148
251=476,488,125,148
252=490,502,125,148
253=0,12,150,173

