32=0,6,0,13
33=8,14,0,13
34=16,22,0,13
35=24,30,0,13
36=32,38,0,13
37=40,46,0,13
38=48,54,0,13
39=56,62,0,13
40=64,70,0,13
41=72,78,0,13
42=80,86,0,13
43=88,94,0,13
44=96,102,0,13
45=104,110,0,13
46=112,118,0,13
47=120,126,0,13
48=128,134,0,13
49=136,142,0,13
50=144,150,0,13
51=152,158,0,13
52=160,166,0,13
53=168,174,0,13
54=176,182,0,13
55=184,190,0,13
56=192,198,0,13
57=200,206,0,13
58=208,214,0,13
59=216,222,0,13
60=224,230,0,13
61=232,238,0,13
62=240,246,0,13
63=248,254,0,13
64=0,6,15,28
65=8,14,15,28
66=16,22,15,28
67=24,30,15,28
68=32,38,15,28
69=40,46,15,28
70=48,54,15,28
71=56,62,15,28
72=64,70,15,28
73=72,78,15,28
74=80,86,15,28
75=88,94,15,28
76=96,102,15,28
77=104,110,15,28
78=112,118,15,28
79=120,126,15,28
80=128,134,15,28
81=136,142,15,28
82=144,150,15,28
83=152,158,15,28
84=160,166,15,28
85=168,174,15,28
86=176,182,15,28
87=184,190,15,28
88=192,198,15,28
89=200,206,15,28
90=208,214,15,28
91=216,222,15,28
92=224,230,15,28
93=232,238,15,28
94=240,246,15,28
95=248,254,15,28
96=0,6,30,43
97=8,14,30,43
98=16,22,30,43
99=24,30,30,43
100=32,38,30,43
101=40,46,30,43
102=48,54,30,43
103=56,62,30,43
104=64,70,30,43
105=72,78,30,43
106=80,86,30,43
107=88,94,30,43
108=96,102,30,43
109=104,110,30,43
110=112,118,30,43
111=120,126,30,43
112=128,134,30,43
113=136,142,30,43
114=144,150,30,43
115=152,158,30,43
116=160,166,30,43
117=168,174,30,43
118=176,182,30,43
119=184,190,30,43
120=192,198,30,43
121=200,206,30,43
122=208,214,30,43
123=216,222,30,43
124=224,230,30,43
125=232,238,30,43
126=240,246,30,43
127=248,254,30,43
128=0,6,45,58
129=8,8,45,58
130=10,16,45,58
131=18,24,45,58
132=26,32,45,58
133=34,40,45,58
134=42,48,45,58
135=50,56,45,58
136=58,64,45,58
137=66,72,45,58
138=74,80,45,58
139=82,88,45,58
140=90,96,45,58
141=98,98,45,58
142=100,106,45,58
143=108,108,45,58
144=110,110,45,58
145=112,118,45,58
146=120,126,45,58
147=128,134,45,58
148=136,142,45,58
149=144,150,45,58
150=152,158,45,58
151=160,166,45,58
152=168,174,45,58
153=176,182,45,58
154=184,190,45,58
155=192,198,45,58
156=200,206,45,58
157=208,208,45,58
158=210,216,45,58
159=218,224,45,58
160=226,232,45,58
161=234,240,45,58
162=242,248,45,58
163=0,6,60,73
164=8,14,60,73
165=16,22,60,73
166=24,30,60,73
167=32,38,60,73
168=40,46,60,73
169=48,54,60,73
170=56,62,60,73
171=64,70,60,73
172=72,78,60,73
173=80,86,60,73
174=88,94,60,73
175=96,102,60,73
176=104,110,60,73
177=112,118,60,73
178=120,126,60,73
179=128,134,60,73
180=136,142,60,73
181=144,150,60,73
182=152,158,60,73
183=160,166,60,73
184=168,174,60,73
185=176,182,60,73
186=184,190,60,73
187=192,198,60,73
188=200,206,60,73
189=208,214,60,73
190=216,222,60,73
191=224,230,60,73
192=232,238,60,73
193=240,246,60,73
194=248,254,60,73
195=0,6,75,88
196=8,14,75,88
197=16,22,75,88
198=24,30,75,88
199=32,38,75,88
200=40,46,75,88
201=48,54,75,88
202=56,62,75,88
203=64,70,75,88
204=72,78,75,88
205=80,86,75,88
206=88,94,75,88
207=96,102,75,88
208=104,110,75,88
209=112,118,75,88
210=120,126,75,88
211=128,134,75,88
212=136,142,75,88
213=144,150,75,88
214=152,158,75,88
215=160,166,75,88
216=168,174,75,88
217=176,182,75,88
218=184,190,75,88
219=192,198,75,88
220=200,206,75,88
221=208,214,75,88
222=216,222,75,88
223=224,230,75,88
224=232,238,75,88
225=240,246,75,88
226=248,254,75,88
227=0,6,90,103
228=8,14,90,103
229=16,22,90,103
230=24,30,90,103
231=32,38,90,103
232=40,46,90,103
233=48,54,90,103
234=56,62,90,103
235=64,70,90,103
236=72,78,90,103
237=80,86,90,103
238=88,94,90,103
239=96,102,90,103
240=104,110,90,103
241=112,118,90,103
242=120,126,90,103
243=128,134,90,103
244=136,142,90,103
245=144,150,90,103
246=152,158,90,103
247=160,166,90,103
248=168,174,90,103
249=176,182,90,103
250=184,190,90,103
251=192,198,90,103
252=200,206,90,103
253=208,214,90,103
