32=0,11,0,80
33=13,30,0,80
34=32,56,0,80
35=58,98,0,80
36=100,135,0,80
37=137,181,0,80
38=183,220,0,80
39=222,234,0,80
40=236,256,0,80
41=258,278,0,80
42=280,298,0,80
43=300,334,0,80
44=336,347,0,80
45=349,368,0,80
46=370,382,0,80
47=384,409,0,80
48=411,445,0,80
49=447,471,0,80
50=473,505,0,80
51=507,541,0,80
52=543,575,0,80
53=577,611,0,80
54=613,648,0,80
55=650,675,0,80
56=677,711,0,80
57=713,748,0,80
58=750,763,0,80
59=765,778,0,80
60=780,814,0,80
61=816,850,0,80
62=852,886,0,80
63=888,922,0,80
64=924,974,0,80
65=976,1008,0,80
66=0,35,82,162
67=37,72,82,162
68=74,109,82,162
69=111,138,82,162
70=140,165,82,162
71=167,202,82,162
72=204,240,82,162
73=242,260,82,162
74=262,283,82,162
75=285,319,82,162
76=321,345,82,162
77=347,393,82,162
78=395,430,82,162
79=432,467,82,162
80=469,501,82,162
81=503,538,82,162
82=540,574,82,162
83=576,609,82,162
84=611,641,82,162
85=643,678,82,162
86=680,714,82,162
87=716,768,82,162
88=770,800,82,162
89=802,832,82,162
90=834,859,82,162
91=861,879,82,162
92=881,906,82,162
93=908,926,82,162
94=928,959,82,162
95=961,996,82,162
96=998,1019,82,162
97=0,32,164,244
98=34,67,164,244
99=69,101,164,244
100=103,136,164,244
101=138,171,164,244
102=173,192,164,244
103=194,227,164,244
104=229,263,164,244
105=265,282,164,244
106=284,301,164,244
107=303,334,164,244
108=336,353,164,244
109=355,404,164,244
110=406,439,164,244
111=441,474,164,244
112=476,509,164,244
113=511,544,164,244
114=546,569,164,244
115=571,601,164,244
116=603,623,164,244
117=625,658,164,244
118=660,687,164,244
119=689,732,164,244
120=734,762,164,244
121=764,793,164,244
122=795,817,164,244
123=819,843,164,244
124=845,862,164,244
125=864,888,164,244
126=890,924,164,244
127=926,974,164,244
128=976,1010,164,244
129=1012,1012,164,244
130=0,11,246,326
131=13,41,246,326
132=43,65,246,326
133=67,102,246,326
134=104,139,246,326
135=141,176,246,326
136=178,199,246,326
137=201,267,246,326
138=269,302,246,326
139=304,317,246,326
140=319,363,246,326
141=365,365,246,326
142=367,392,246,326
143=394,394,246,326
144=396,396,246,326
145=398,409,246,326
146=411,422,246,326
147=424,446,246,326
148=448,470,246,326
149=472,494,246,326
150=496,528,246,326
151=530,594,246,326
152=596,617,246,326
153=619,669,246,326
154=671,701,246,326
155=703,716,246,326
156=718,767,246,326
157=769,769,246,326
158=771,793,246,326
159=795,825,246,326
160=827,838,246,326
161=840,857,246,326
162=859,892,246,326
163=894,928,246,326
164=930,965,246,326
165=967,997,246,326
166=999,1016,246,326
167=0,31,328,408
168=33,54,328,408
169=56,106,328,408
170=108,129,328,408
171=131,155,328,408
172=157,191,328,408
173=193,212,328,408
174=214,264,328,408
175=266,301,328,408
176=303,325,328,408
177=327,361,328,408
178=363,383,328,408
179=385,406,328,408
180=408,429,328,408
181=431,461,328,408
182=463,500,328,408
183=502,523,328,408
184=525,546,328,408
185=548,564,328,408
186=566,587,328,408
187=589,613,328,408
188=615,655,328,408
189=657,698,328,408
190=700,744,328,408
191=746,780,328,408
192=782,814,328,408
193=816,848,328,408
194=850,882,328,408
195=884,916,328,408
196=918,950,328,408
197=952,984,328,408
198=0,46,410,490
199=48,83,410,490
200=85,112,410,490
201=114,141,410,490
202=143,170,410,490
203=172,199,410,490
204=201,219,410,490
205=221,239,410,490
206=241,259,410,490
207=261,279,410,490
208=281,317,410,490
209=319,354,410,490
210=356,391,410,490
211=393,428,410,490
212=430,465,410,490
213=467,502,410,490
214=504,539,410,490
215=541,575,410,490
216=577,612,410,490
217=614,649,410,490
218=651,686,410,490
219=688,723,410,490
220=725,760,410,490
221=762,792,410,490
222=794,826,410,490
223=828,863,410,490
224=865,897,410,490
225=899,931,410,490
226=933,965,410,490
227=967,999,410,490
228=0,32,492,572
229=34,66,492,572
230=68,116,492,572
231=118,150,492,572
232=152,185,492,572
233=187,220,492,572
234=222,255,492,572
235=257,290,492,572
236=292,309,492,572
237=311,328,492,572
238=330,347,492,572
239=349,366,492,572
240=368,401,492,572
241=403,436,492,572
242=438,471,492,572
243=473,506,492,572
244=508,541,492,572
245=543,576,492,572
246=578,611,492,572
247=613,647,492,572
248=649,682,492,572
249=684,717,492,572
250=719,752,492,572
251=754,787,492,572
252=789,822,492,572
253=824,853,492,572
