32=0,12,0,24
33=14,26,0,24
34=28,40,0,24
35=42,54,0,24
36=56,68,0,24
37=70,82,0,24
38=84,96,0,24
39=98,110,0,24
40=112,124,0,24
41=126,138,0,24
42=140,152,0,24
43=154,166,0,24
44=168,180,0,24
45=182,194,0,24
46=196,208,0,24
47=210,222,0,24
48=224,236,0,24
49=238,250,0,24
50=252,264,0,24
51=266,278,0,24
52=280,292,0,24
53=294,306,0,24
54=308,320,0,24
55=322,334,0,24
56=336,348,0,24
57=350,362,0,24
58=364,376,0,24
59=378,390,0,24
60=392,404,0,24
61=406,418,0,24
62=420,432,0,24
63=434,446,0,24
64=448,460,0,24
65=462,474,0,24
66=476,488,0,24
67=490,502,0,24
68=0,12,26,50
69=14,26,26,50
70=28,40,26,50
71=42,54,26,50
72=56,68,26,50
73=70,82,26,50
74=84,96,26,50
75=98,110,26,50
76=112,124,26,50
77=126,138,26,50
78=140,152,26,50
79=154,166,26,50
80=168,180,26,50
81=182,194,26,50
82=196,208,26,50
83=210,222,26,50
84=224,236,26,50
85=238,250,26,50
86=252,264,26,50
87=266,278,26,50
88=280,292,26,50
89=294,306,26,50
90=308,320,26,50
91=322,334,26,50
92=336,348,26,50
93=350,362,26,50
94=364,376,26,50
95=378,390,26,50
96=392,404,26,50
97=406,418,26,50
98=420,432,26,50
99=434,446,26,50
100=448,460,26,50
101=462,474,26,50
102=476,488,26,50
103=490,502,26,50
104=0,12,52,76
105=14,26,52,76
106=28,40,52,76
107=42,54,52,76
108=56,68,52,76
109=70,82,52,76
110=84,96,52,76
111=98,110,52,76
112=112,124,52,76
113=126,138,52,76
114=140,152,52,76
115=154,166,52,76
116=168,180,52,76
117=182,194,52,76
118=196,208,52,76
119=210,222,52,76
120=224,236,52,76
121=238,250,52,76
122=252,264,52,76
123=266,278,52,76
124=280,292,52,76
125=294,306,52,76
126=308,320,52,76
127=322,334,52,76
128=336,348,52,76
129=350,350,52,76
130=352,364,52,76
131=366,378,52,76
132=380,392,52,76
133=394,406,52,76
134=408,420,52,76
135=422,434,52,76
136=436,448,52,76
137=450,462,52,76
138=464,476,52,76
139=478,490,52,76
140=492,504,52,76
141=506,506,52,76
142=0,12,78,102
143=14,14,78,102
144=16,16,78,102
145=18,30,78,102
146=32,44,78,102
147=46,58,78,102
148=60,72,78,102
149=74,86,78,102
150=88,100,78,102
151=102,114,78,102
152=116,128,78,102
153=130,142,78,102
154=144,156,78,102
155=158,170,78,102
156=172,184,78,102
157=186,186,78,102
158=188,200,78,102
159=202,214,78,102
160=216,228,78,102
161=230,242,78,102
162=244,256,78,102
163=258,270,78,102
164=272,284,78,102
165=286,298,78,102
166=300,312,78,102
167=314,326,78,102
168=328,340,78,102
169=342,354,78,102
170=356,368,78,102
171=370,382,78,102
172=384,396,78,102
173=398,410,78,102
174=412,424,78,102
175=426,438,78,102
176=440,452,78,102
177=454,466,78,102
178=468,480,78,102
179=482,494,78,102
180=496,508,78,102
181=0,12,104,128
182=14,26,104,128
183=28,40,104,128
184=42,54,104,128
185=56,68,104,128
186=70,82,104,128
187=84,96,104,128
188=98,110,104,128
189=112,124,104,128
190=126,138,104,128
191=140,152,104,128
192=154,166,104,128
193=168,180,104,128
194=182,194,104,128
195=196,208,104,128
196=210,222,104,128
197=224,236,104,128
198=238,250,104,128
199=252,264,104,128
200=266,278,104,128
201=280,292,104,128
202=294,306,104,128
203=308,320,104,128
204=322,334,104,128
205=336,348,104,128
206=350,362,104,128
207=364,376,104,128
208=378,390,104,128
209=392,404,104,128
210=406,418,104,128
211=420,432,104,128
212=434,446,104,128
213=448,460,104,128
214=462,474,104,128
215=476,488,104,128
216=490,502,104,128
217=0,12,130,154
218=14,26,130,154
219=28,40,130,154
220=42,54,130,154
221=56,68,130,154
222=70,82,130,154
223=84,96,130,154
224=98,110,130,154
225=112,124,130,154
226=126,138,130,154
227=140,152,130,154
228=154,166,130,154
229=168,180,130,154
230=182,194,130,154
231=196,208,130,154
232=210,222,130,154
233=224,236,130,154
234=238,250,130,154
235=252,264,130,154
236=266,278,130,154
237=280,292,130,154
238=294,306,130,154
239=308,320,130,154
240=322,334,130,154
241=336,348,130,154
242=350,362,130,154
243=364,376,130,154
244=378,390,130,154
245=392,404,130,154
246=406,418,130,154
247=420,432,130,154
248=434,446,130,154
249=448,460,130,154
250=462,474,130,154
251=476,488,130,154
252=490,502,130,154
253=0,12,156,180
