32=0,7,0,15
33=9,16,0,15
34=18,25,0,15
35=27,34,0,15
36=36,43,0,15
37=45,52,0,15
38=54,61,0,15
39=63,70,0,15
40=72,79,0,15
41=81,88,0,15
42=90,97,0,15
43=99,106,0,15
44=108,115,0,15
45=117,124,0,15
46=126,133,0,15
47=135,142,0,15
48=144,151,0,15
49=153,160,0,15
50=162,169,0,15
51=171,178,0,15
52=180,187,0,15
53=189,196,0,15
54=198,205,0,15
55=207,214,0,15
56=216,223,0,15
57=225,232,0,15
58=234,241,0,15
59=243,250,0,15
60=0,7,17,32
61=9,16,17,32
62=18,25,17,32
63=27,34,17,32
64=36,43,17,32
65=45,52,17,32
66=54,61,17,32
67=63,70,17,32
68=72,79,17,32
69=81,88,17,32
70=90,97,17,32
71=99,106,17,32
72=108,115,17,32
73=117,124,17,32
74=126,133,17,32
75=135,142,17,32
76=144,151,17,32
77=153,160,17,32
78=162,169,17,32
79=171,178,17,32
80=180,187,17,32
81=189,196,17,32
82=198,205,17,32
83=207,214,17,32
84=216,223,17,32
85=225,232,17,32
86=234,241,17,32
87=243,250,17,32
88=0,7,34,49
89=9,16,34,49
90=18,25,34,49
91=27,34,34,49
92=36,43,34,49
93=45,52,34,49
94=54,61,34,49
95=63,70,34,49
96=72,79,34,49
97=81,88,34,49
98=90,97,34,49
99=99,106,34,49
100=108,115,34,49
101=117,124,34,49
102=126,133,34,49
103=135,142,34,49
104=144,151,34,49
105=153,160,34,49
106=162,169,34,49
107=171,178,34,49
108=180,187,34,49
109=189,196,34,49
110=198,205,34,49
111=207,214,34,49
112=216,223,34,49
113=225,232,34,49
114=234,241,34,49
115=243,250,34,49
116=0,7,51,66
117=9,16,51,66
118=18,25,51,66
119=27,34,51,66
120=36,43,51,66
121=45,52,51,66
122=54,61,51,66
123=63,70,51,66
124=72,79,51,66
125=81,88,51,66
126=90,97,51,66
127=99,106,51,66
128=108,115,51,66
129=117,117,51,66
130=119,126,51,66
131=128,135,51,66
132=137,144,51,66
133=146,153,51,66
134=155,162,51,66
135=164,171,51,66
136=173,180,51,66
137=182,189,51,66
138=191,198,51,66
139=200,207,51,66
140=209,216,51,66
141=218,218,51,66
142=220,227,51,66
143=229,229,51,66
144=231,231,51,66
145=233,240,51,66
146=242,249,51,66
147=0,7,68,83
148=9,16,68,83
149=18,25,68,83
150=27,34,68,83
151=36,43,68,83
152=45,52,68,83
153=54,61,68,83
154=63,70,68,83
155=72,79,68,83
156=81,88,68,83
157=90,90,68,83
158=92,99,68,83
159=101,108,68,83
160=110,117,68,83
161=119,126,68,83
162=128,135,68,83
163=137,144,68,83
164=146,153,68,83
165=155,162,68,83
166=164,171,68,83
167=173,180,68,83
168=182,189,68,83
169=191,198,68,83
170=200,207,68,83
171=209,216,68,83
172=218,225,68,83
173=227,234,68,83
174=236,243,68,83
175=245,252,68,83
176=0,7,85,100
177=9,16,85,100
178=18,25,85,100
179=27,34,85,100
180=36,43,85,100
181=45,52,85,100
182=54,61,85,100
183=63,70,85,100
184=72,79,85,100
185=81,88,85,100
186=90,97,85,100
187=99,106,85,100
188=108,115,85,100
189=117,124,85,100
190=126,133,85,100
191=135,142,85,100
192=144,151,85,100
193=153,160,85,100
194=162,169,85,100
195=171,178,85,100
196=180,187,85,100
197=189,196,85,100
198=198,205,85,100
199=207,214,85,100
200=216,223,85,100
201=225,232,85,100
202=234,241,85,100
203=243,250,85,100
204=0,7,102,117
205=9,16,102,117
206=18,25,102,117
207=27,34,102,117
208=36,43,102,117
209=45,52,102,117
210=54,61,102,117
211=63,70,102,117
212=72,79,102,117
213=81,88,102,117
214=90,97,102,117
215=99,106,102,117
216=108,115,102,117
217=117,124,102,117
218=126,133,102,117
219=135,142,102,117
220=144,151,102,117
221=153,160,102,117
222=162,169,102,117
223=171,178,102,117
224=180,187,102,117
225=189,196,102,117
226=198,205,102,117
227=207,214,102,117
228=216,223,102,117
229=225,232,102,117
230=234,241,102,117
231=243,250,102,117
232=0,7,119,134
233=9,16,119,134
234=18,25,119,134
235=27,34,119,134
236=36,43,119,134
237=45,52,119,134
238=54,61,119,134
239=63,70,119,134
240=72,79,119,134
241=81,88,119,134
242=90,97,119,134
243=99,106,119,134
244=108,115,119,134
245=117,124,119,134
246=126,133,119,134
247=135,142,119,134
248=144,151,119,134
249=153,160,119,134
250=162,169,119,134
251=171,178,119,134
252=180,187,119,134
253=189,196,119,134

