32=0,24,0,48
33=26,50,0,48
34=52,76,0,48
35=78,102,0,48
36=104,128,0,48
37=130,154,0,48
38=156,180,0,48
39=182,206,0,48
40=208,232,0,48
41=234,258,0,48
42=260,284,0,48
43=286,310,0,48
44=312,336,0,48
45=338,362,0,48
46=364,388,0,48
47=390,414,0,48
48=416,440,0,48
49=442,466,0,48
50=468,492,0,48
51=494,518,0,48
52=520,544,0,48
53=546,570,0,48
54=572,596,0,48
55=598,622,0,48
56=624,648,0,48
57=650,674,0,48
58=676,700,0,48
59=702,726,0,48
60=728,752,0,48
61=754,778,0,48
62=780,804,0,48
63=806,830,0,48
64=832,856,0,48
65=858,882,0,48
66=884,908,0,48
67=910,934,0,48
68=936,960,0,48
69=962,986,0,48
70=988,1012,0,48
71=0,24,50,98
72=26,50,50,98
73=52,76,50,98
74=78,102,50,98
75=104,128,50,98
76=130,154,50,98
77=156,180,50,98
78=182,206,50,98
79=208,232,50,98
80=234,258,50,98
81=260,284,50,98
82=286,310,50,98
83=312,336,50,98
84=338,362,50,98
85=364,388,50,98
86=390,414,50,98
87=416,440,50,98
88=442,466,50,98
89=468,492,50,98
90=494,518,50,98
91=520,544,50,98
92=546,570,50,98
93=572,596,50,98
94=598,622,50,98
95=624,648,50,98
96=650,674,50,98
97=676,700,50,98
98=702,726,50,98
99=728,752,50,98
100=754,778,50,98
101=780,804,50,98
102=806,830,50,98
103=832,856,50,98
104=858,882,50,98
105=884,908,50,98
106=910,934,50,98
107=936,960,50,98
108=962,986,50,98
109=988,1012,50,98
110=0,24,100,148
111=26,50,100,148
112=52,76,100,148
113=78,102,100,148
114=104,128,100,148
115=130,154,100,148
116=156,180,100,148
117=182,206,100,148
118=208,232,100,148
119=234,258,100,148
120=260,284,100,148
121=286,310,100,148
122=312,336,100,148
123=338,362,100,148
124=364,388,100,148
125=390,414,100,148
126=416,440,100,148
127=442,466,100,148
128=468,492,100,148
129=494,494,100,148
130=496,520,100,148
131=522,546,100,148
132=548,572,100,148
133=574,598,100,148
134=600,624,100,148
135=626,650,100,148
136=652,676,100,148
137=678,702,100,148
138=704,728,100,148
139=730,754,100,148
140=756,780,100,148
141=782,782,100,148
142=784,808,100,148
143=810,810,100,148
144=812,812,100,148
145=814,838,100,148
146=840,864,100,148
147=866,890,100,148
148=892,916,100,148
149=918,942,100,148
150=944,968,100,148
151=970,994,100,148
152=996,1020,100,148
153=0,24,150,198
154=26,50,150,198
155=52,76,150,198
156=78,102,150,198
157=104,104,150,198
158=106,130,150,198
159=132,156,150,198
160=158,182,150,198
161=184,208,150,198
162=210,234,150,198
163=236,260,150,198
164=262,286,150,198
165=288,312,150,198
166=314,338,150,198
167=340,364,150,198
168=366,390,150,198
169=392,416,150,198
170=418,442,150,198
171=444,468,150,198
172=470,494,150,198
173=496,520,150,198
174=522,546,150,198
175=548,572,150,198
176=574,598,150,198
177=600,624,150,198
178=626,650,150,198
179=652,676,150,198
180=678,702,150,198
181=704,728,150,198
182=730,754,150,198
183=756,780,150,198
184=782,806,150,198
185=808,832,150,198
186=834,858,150,198
187=860,884,150,198
188=886,910,150,198
189=912,936,150,198
190=938,962,150,198
191=964,988,150,198
192=990,1014,150,198
193=0,24,200,248
194=26,50,200,248
195=52,76,200,248
196=78,102,200,248
197=104,128,200,248
198=130,154,200,248
199=156,180,200,248
200=182,206,200,248
201=208,232,200,248
202=234,258,200,248
203=260,284,200,248
204=286,310,200,248
205=312,336,200,248
206=338,362,200,248
207=364,388,200,248
208=390,414,200,248
209=416,440,200,248
210=442,466,200,248
211=468,492,200,248
212=494,518,200,248
213=520,544,200,248
214=546,570,200,248
215=572,596,200,248
216=598,622,200,248
217=624,648,200,248
218=650,674,200,248
219=676,700,200,248
220=702,726,200,248
221=728,752,200,248
222=754,778,200,248
223=780,804,200,248
224=806,830,200,248
225=832,856,200,248
226=858,882,200,248
227=884,908,200,248
228=910,934,200,248
229=936,960,200,248
230=962,986,200,248
231=988,1012,200,248
232=0,24,250,298
233=26,50,250,298
234=52,76,250,298
235=78,102,250,298
236=104,128,250,298
237=130,154,250,298
238=156,180,250,298
239=182,206,250,298
240=208,232,250,298
241=234,258,250,298
242=260,284,250,298
243=286,310,250,298
244=312,336,250,298
245=338,362,250,298
246=364,388,250,298
247=390,414,250,298
248=416,440,250,298
249=442,466,250,298
250=468,492,250,298
251=494,518,250,298
252=520,544,250,298
253=546,570,250,298

