32=0,9,0,19
33=11,20,0,19
34=22,31,0,19
35=33,42,0,19
36=44,53,0,19
37=55,64,0,19
38=66,75,0,19
39=77,86,0,19
40=88,97,0,19
41=99,108,0,19
42=110,119,0,19
43=121,130,0,19
44=132,141,0,19
45=143,152,0,19
46=154,163,0,19
47=165,174,0,19
48=176,185,0,19
49=187,196,0,19
50=198,207,0,19
51=209,218,0,19
52=220,229,0,19
53=231,240,0,19
54=242,251,0,19
55=0,9,21,40
56=11,20,21,40
57=22,31,21,40
58=33,42,21,40
59=44,53,21,40
60=55,64,21,40
61=66,75,21,40
62=77,86,21,40
63=88,97,21,40
64=99,108,21,40
65=110,119,21,40
66=121,130,21,40
67=132,141,21,40
68=143,152,21,40
69=154,163,21,40
70=165,174,21,40
71=176,185,21,40
72=187,196,21,40
73=198,207,21,40
74=209,218,21,40
75=220,229,21,40
76=231,240,21,40
77=242,251,21,40
78=0,9,42,61
79=11,20,42,61
80=22,31,42,61
81=33,42,42,61
82=44,53,42,61
83=55,64,42,61
84=66,75,42,61
85=77,86,42,61
86=88,97,42,61
87=99,108,42,61
88=110,119,42,61
89=121,130,42,61
90=132,141,42,61
91=143,152,42,61
92=154,163,42,61
93=165,174,42,61
94=176,185,42,61
95=187,196,42,61
96=198,207,42,61
97=209,218,42,61
98=220,229,42,61
99=231,240,42,61
100=242,251,42,61
101=0,9,63,82
102=11,20,63,82
103=22,31,63,82
104=33,42,63,82
105=44,53,63,82
106=55,64,63,82
107=66,75,63,82
108=77,86,63,82
109=88,97,63,82
110=99,108,63,82
111=110,119,63,82
112=121,130,63,82
113=132,141,63,82
114=143,152,63,82
115=154,163,63,82
116=165,174,63,82
117=176,185,63,82
118=187,196,63,82
119=198,207,63,82
120=209,218,63,82
121=220,229,63,82
122=231,240,63,82
123=242,251,63,82
124=0,9,84,103
125=11,20,84,103
126=22,31,84,103
127=33,42,84,103
128=44,53,84,103
129=55,55,84,103
130=57,66,84,103
131=68,77,84,103
132=79,88,84,103
133=90,99,84,103
134=101,110,84,103
135=112,121,84,103
136=123,132,84,103
137=134,143,84,103
138=145,154,84,103
139=156,165,84,103
140=167,176,84,103
141=178,178,84,103
142=180,189,84,103
143=191,191,84,103
144=193,193,84,103
145=195,204,84,103
146=206,215,84,103
147=217,226,84,103
148=228,237,84,103
149=239,248,84,103
150=0,9,105,124
151=11,20,105,124
152=22,31,105,124
153=33,42,105,124
154=44,53,105,124
155=55,64,105,124
156=66,75,105,124
157=77,77,105,124
158=79,88,105,124
159=90,99,105,124
160=101,110,105,124
161=112,121,105,124
162=123,132,105,124
163=134,143,105,124
164=145,154,105,124
165=156,165,105,124
166=167,176,105,124
167=178,187,105,124
168=189,198,105,124
169=200,209,105,124
170=211,220,105,124
171=222,231,105,124
172=233,242,105,124
173=244,253,105,124
174=0,9,126,145
175=11,20,126,145
176=22,31,126,145
177=33,42,126,145
178=44,53,126,145
179=55,64,126,145
180=66,75,126,145
181=77,86,126,145
182=88,97,126,145
183=99,108,126,145
184=110,119,126,145
185=121,130,126,145
186=132,141,126,145
187=143,152,126,145
188=154,163,126,145
189=165,174,126,145
190=176,185,126,145
191=187,196,126,145
192=198,207,126,145
193=209,218,126,145
194=220,229,126,145
195=231,240,126,145
196=242,251,126,145
197=0,9,147,166
198=11,20,147,166
199=22,31,147,166
200=33,42,147,166
201=44,53,147,166
202=55,64,147,166
203=66,75,147,166
204=77,86,147,166
205=88,97,147,166
206=99,108,147,166
207=110,119,147,166
208=121,130,147,166
209=132,141,147,166
210=143,152,147,166
211=154,163,147,166
212=165,174,147,166
213=176,185,147,166
214=187,196,147,166
215=198,207,147,166
216=209,218,147,166
217=220,229,147,166
218=231,240,147,166
219=242,251,147,166
220=0,9,168,187
221=11,20,168,187
222=22,31,168,187
223=33,42,168,187
224=44,53,168,187
225=55,64,168,187
226=66,75,168,187
227=77,86,168,187
228=88,97,168,187
229=99,108,168,187
230=110,119,168,187
231=121,130,168,187
232=132,141,168,187
233=143,152,168,187
234=154,163,168,187
235=165,174,168,187
236=176,185,168,187
237=187,196,168,187
238=198,207,168,187
239=209,218,168,187
240=220,229,168,187
241=231,240,168,187
242=242,251,168,187
243=0,9,189,208
244=11,20,189,208
245=22,31,189,208
246=33,42,189,208
247=44,53,189,208
248=55,64,189,208
249=66,75,189,208
250=77,86,189,208
251=88,97,189,208
252=99,108,189,208
253=110,119,189,208

