32=0,37,0,48
33=39,55,0,48
34=57,78,0,48
35=80,112,0,48
36=114,146,0,48
37=148,185,0,48
38=187,224,0,48
39=226,242,0,48
40=244,265,0,48
41=267,288,0,48
42=290,322,0,48
43=324,356,0,48
44=358,374,0,48
45=376,403,0,48
46=405,421,0,48
47=423,450,0,48
48=452,484,0,48
49=486,507,0,48
50=509,541,0,48
51=543,575,0,48
52=577,609,0,48
53=611,643,0,48
54=645,677,0,48
55=679,706,0,48
56=708,740,0,48
57=742,774,0,48
58=776,792,0,48
59=794,815,0,48
60=817,849,0,48
61=851,878,0,48
62=880,912,0,48
63=914,951,0,48
64=953,996,0,48
65=0,37,50,98
66=39,76,50,98
67=78,115,50,98
68=117,154,50,98
69=156,188,50,98
70=190,222,50,98
71=224,261,50,98
72=263,300,50,98
73=302,318,50,98
74=320,352,50,98
75=354,386,50,98
76=388,420,50,98
77=422,465,50,98
78=467,499,50,98
79=501,538,50,98
80=540,577,50,98
81=579,616,50,98
82=618,655,50,98
83=657,689,50,98
84=691,728,50,98
85=730,762,50,98
86=764,801,50,98
87=803,846,50,98
88=848,880,50,98
89=882,919,50,98
90=921,958,50,98
91=960,981,50,98
92=983,1010,50,98
93=0,21,100,148
94=23,44,100,148
95=46,73,100,148
96=75,91,100,148
97=93,130,100,148
98=132,169,100,148
99=171,208,100,148
100=210,247,100,148
101=249,286,100,148
102=288,320,100,148
103=322,359,100,148
104=361,398,100,148
105=400,421,100,148
106=423,450,100,148
107=452,484,100,148
108=486,507,100,148
109=509,562,100,148
110=564,601,100,148
111=603,640,100,148
112=642,679,100,148
113=681,718,100,148
114=720,757,100,148
115=759,791,100,148
116=793,825,100,148
117=827,864,100,148
118=866,903,100,148
119=905,948,100,148
120=950,982,100,148
121=984,1021,100,148
122=0,37,150,198
123=39,66,150,198
124=68,84,150,198
125=86,113,150,198
126=115,142,150,198
127=144,168,150,198
128=170,194,150,198
129=196,196,150,198
130=198,222,150,198
131=224,248,150,198
132=250,274,150,198
133=276,300,150,198
134=302,316,150,198
135=318,332,150,198
136=334,348,150,198
137=350,374,150,198
138=376,400,150,198
139=402,426,150,198
140=428,452,150,198
141=454,454,150,198
142=456,480,150,198
143=482,482,150,198
144=484,484,150,198
145=486,510,150,198
146=512,536,150,198
147=538,562,150,198
148=564,588,150,198
149=590,614,150,198
150=616,640,150,198
151=642,666,150,198
152=668,668,150,198
153=670,694,150,198
154=696,720,150,198
155=722,746,150,198
156=748,772,150,198
157=774,774,150,198
158=776,800,150,198
159=802,826,150,198
160=828,860,150,198
161=862,886,150,198
162=888,912,150,198
163=914,938,150,198
164=940,964,150,198
165=966,990,150,198
166=992,1016,150,198
167=0,24,200,248
168=26,50,200,248
169=52,76,200,248
170=78,102,200,248
171=104,128,200,248
172=130,154,200,248
173=156,180,200,248
174=182,206,200,248
175=208,232,200,248
176=234,258,200,248
177=260,284,200,248
178=286,310,200,248
179=312,336,200,248
180=338,362,200,248
181=364,388,200,248
182=390,414,200,248
183=416,440,200,248
184=442,466,200,248
185=468,492,200,248
186=494,518,200,248
187=520,544,200,248
188=546,570,200,248
189=572,596,200,248
190=598,622,200,248
191=624,648,200,248
192=650,674,200,248
193=676,700,200,248
194=702,726,200,248
195=728,752,200,248
196=754,778,200,248
197=780,804,200,248
198=806,830,200,248
199=832,856,200,248
200=858,882,200,248
201=884,908,200,248
202=910,934,200,248
203=936,960,200,248
204=962,986,200,248
205=988,1012,200,248
206=0,24,250,298
207=26,50,250,298
208=52,76,250,298
209=78,102,250,298
210=104,128,250,298
211=130,154,250,298
212=156,180,250,298
213=182,206,250,298
214=208,232,250,298
215=234,258,250,298
216=260,284,250,298
217=286,310,250,298
218=312,336,250,298
219=338,362,250,298
220=364,388,250,298
221=390,414,250,298
222=416,440,250,298
223=442,466,250,298
224=468,492,250,298
225=494,518,250,298
226=520,544,250,298
227=546,570,250,298
228=572,596,250,298
229=598,622,250,298
230=624,648,250,298
231=650,674,250,298
232=676,700,250,298
233=702,726,250,298
234=728,752,250,298
235=754,778,250,298
236=780,804,250,298
237=806,830,250,298
238=832,856,250,298
239=858,882,250,298
240=884,908,250,298
241=910,934,250,298
242=936,960,250,298
243=962,986,250,298
244=988,1012,250,298
245=0,24,300,348
246=26,50,300,348
247=52,76,300,348
248=78,102,300,348
249=104,128,300,348
250=130,154,300,348
251=156,180,300,348
252=182,206,300,348
253=208,232,300,348

