32=0,10,0,22
33=12,22,0,22
34=24,34,0,22
35=36,46,0,22
36=48,58,0,22
37=60,70,0,22
38=72,82,0,22
39=84,94,0,22
40=96,106,0,22
41=108,118,0,22
42=120,130,0,22
43=132,142,0,22
44=144,154,0,22
45=156,166,0,22
46=168,178,0,22
47=180,190,0,22
48=192,202,0,22
49=204,214,0,22
50=216,226,0,22
51=228,238,0,22
52=240,250,0,22
53=252,262,0,22
54=264,274,0,22
55=276,286,0,22
56=288,298,0,22
57=300,310,0,22
58=312,322,0,22
59=324,334,0,22
60=336,346,0,22
61=348,358,0,22
62=360,370,0,22
63=372,382,0,22
64=384,394,0,22
65=396,406,0,22
66=408,418,0,22
67=420,430,0,22
68=432,442,0,22
69=444,454,0,22
70=456,466,0,22
71=468,478,0,22
72=480,490,0,22
73=492,502,0,22
74=0,10,24,46
75=12,22,24,46
76=24,34,24,46
77=36,46,24,46
78=48,58,24,46
79=60,70,24,46
80=72,82,24,46
81=84,94,24,46
82=96,106,24,46
83=108,118,24,46
84=120,130,24,46
85=132,142,24,46
86=144,154,24,46
87=156,166,24,46
88=168,178,24,46
89=180,190,24,46
90=192,202,24,46
91=204,214,24,46
92=216,226,24,46
93=228,238,24,46
94=240,250,24,46
95=252,262,24,46
96=264,274,24,46
97=276,286,24,46
98=288,298,24,46
99=300,310,24,46
100=312,322,24,46
101=324,334,24,46
102=336,346,24,46
103=348,358,24,46
104=360,370,24,46
105=372,382,24,46
106=384,394,24,46
107=396,406,24,46
108=408,418,24,46
109=420,430,24,46
110=432,442,24,46
111=444,454,24,46
112=456,466,24,46
113=468,478,24,46
114=480,490,24,46
115=492,502,24,46
116=0,10,48,70
117=12,22,48,70
118=24,34,48,70
119=36,46,48,70
120=48,58,48,70
121=60,70,48,70
122=72,82,48,70
123=84,94,48,70
124=96,106,48,70
125=108,118,48,70
126=120,130,48,70
127=132,142,48,70
128=144,154,48,70
129=156,156,48,70
130=158,168,48,70
131=170,180,48,70
132=182,192,48,70
133=194,204,48,70
134=206,216,48,70
135=218,228,48,70
136=230,240,48,70
137=242,252,48,70
138=254,264,48,70
139=266,276,48,70
140=278,288,48,70
141=290,290,48,70
142=292,302,48,70
143=304,304,48,70
144=306,306,48,70
145=308,318,48,70
146=320,330,48,70
147=332,342,48,70
148=344,354,48,70
149=356,366,48,70
150=368,378,48,70
151=380,390,48,70
152=392,402,48,70
153=404,414,48,70
154=416,426,48,70
155=428,438,48,70
156=440,450,48,70
157=452,452,48,70
158=454,464,48,70
159=466,476,48,70
160=478,488,48,70
161=490,500,48,70
162=0,10,72,94
163=12,22,72,94
164=24,34,72,94
165=36,46,72,94
166=48,58,72,94
167=60,70,72,94
168=72,82,72,94
169=84,94,72,94
170=96,106,72,94
171=108,118,72,94
172=120,130,72,94
173=132,142,72,94
174=144,154,72,94
175=156,166,72,94
176=168,178,72,94
177=180,190,72,94
178=192,202,72,94
179=204,214,72,94
180=216,226,72,94
181=228,238,72,94
182=240,250,72,94
183=252,262,72,94
184=264,274,72,94
185=276,286,72,94
186=288,298,72,94
187=300,310,72,94
188=312,322,72,94
189=324,334,72,94
190=336,346,72,94
191=348,358,72,94
192=360,370,72,94
193=372,382,72,94
194=384,394,72,94
195=396,406,72,94
196=408,418,72,94
197=420,430,72,94
198=432,442,72,94
199=444,454,72,94
200=456,466,72,94
201=468,478,72,94
202=480,490,72,94
203=492,502,72,94
204=0,10,96,118
205=12,22,96,118
206=24,34,96,118
207=36,46,96,118
208=48,58,96,118
209=60,70,96,118
210=72,82,96,118
211=84,94,96,118
212=96,106,96,118
213=108,118,96,118
214=120,130,96,118
215=132,142,96,118
216=144,154,96,118
217=156,166,96,118
218=168,178,96,118
219=180,190,96,118
220=192,202,96,118
221=204,214,96,118
222=216,226,96,118
223=228,238,96,118
224=240,250,96,118
225=252,262,96,118
226=264,274,96,118
227=276,286,96,118
228=288,298,96,118
229=300,310,96,118
230=312,322,96,118
231=324,334,96,118
232=336,346,96,118
233=348,358,96,118
234=360,370,96,118
235=372,382,96,118
236=384,394,96,118
237=396,406,96,118
238=408,418,96,118
239=420,430,96,118
240=432,442,96,118
241=444,454,96,118
242=456,466,96,118
243=468,478,96,118
244=480,490,96,118
245=492,502,96,118
246=0,10,120,142
247=12,22,120,142
248=24,34,120,142
249=36,46,120,142
250=48,58,120,142
251=60,70,120,142
252=72,82,120,142
253=84,94,120,142
