32=0,50,0,64
33=52,73,0,64
34=75,103,0,64
35=105,148,0,64
36=150,193,0,64
37=195,245,0,64
38=247,297,0,64
39=299,320,0,64
40=322,350,0,64
41=352,380,0,64
42=382,425,0,64
43=427,470,0,64
44=472,493,0,64
45=495,531,0,64
46=533,554,0,64
47=556,592,0,64
48=594,637,0,64
49=639,667,0,64
50=669,712,0,64
51=714,757,0,64
52=759,802,0,64
53=804,847,0,64
54=849,892,0,64
55=894,930,0,64
56=932,975,0,64
57=977,1020,0,64
58=0,21,66,130
59=23,51,66,130
60=53,96,66,130
61=98,134,66,130
62=136,179,66,130
63=181,231,66,130
64=233,290,66,130
65=292,342,66,130
66=344,394,66,130
67=396,446,66,130
68=448,498,66,130
69=500,543,66,130
70=545,588,66,130
71=590,640,66,130
72=642,692,66,130
73=694,715,66,130
74=717,760,66,130
75=762,805,66,130
76=807,850,66,130
77=852,909,66,130
78=911,954,66,130
79=956,1006,66,130
80=0,50,132,196
81=52,102,132,196
82=104,154,132,196
83=156,199,132,196
84=201,251,132,196
85=253,296,132,196
86=298,348,132,196
87=350,407,132,196
88=409,452,132,196
89=454,504,132,196
90=506,556,132,196
91=558,586,132,196
92=588,624,132,196
93=626,654,132,196
94=656,684,132,196
95=686,722,132,196
96=724,745,132,196
97=747,797,132,196
98=799,849,132,196
99=851,901,132,196
100=903,953,132,196
101=955,1005,132,196
102=0,43,198,262
103=45,95,198,262
104=97,147,198,262
105=149,177,198,262
106=179,215,198,262
107=217,260,198,262
108=262,290,198,262
109=292,363,198,262
110=365,415,198,262
111=417,467,198,262
112=469,519,198,262
113=521,571,198,262
114=573,623,198,262
115=625,668,198,262
116=670,713,198,262
117=715,765,198,262
118=767,817,198,262
119=819,876,198,262
120=878,921,198,262
121=923,973,198,262
122=0,50,264,328
123=52,88,264,328
124=90,111,264,328
125=113,149,264,328
126=151,187,264,328
127=189,221,264,328
128=223,255,264,328
129=257,257,264,328
130=259,291,264,328
131=293,325,264,328
132=327,359,264,328
133=361,393,264,328
134=395,413,264,328
135=415,433,264,328
136=435,453,264,328
137=455,487,264,328
138=489,521,264,328
139=523,555,264,328
140=557,589,264,328
141=591,591,264,328
142=593,625,264,328
143=627,627,264,328
144=629,629,264,328
145=631,663,264,328
146=665,697,264,328
147=699,731,264,328
148=733,765,264,328
149=767,799,264,328
150=801,833,264,328
151=835,867,264,328
152=869,869,264,328
153=871,903,264,328
154=905,937,264,328
155=939,971,264,328
156=973,1005,264,328
157=1007,1007,264,328
158=0,32,330,394
159=34,66,330,394
160=68,111,330,394
161=113,145,330,394
162=147,179,330,394
163=181,213,330,394
164=215,247,330,394
165=249,281,330,394
166=283,315,330,394
167=317,349,330,394
168=351,383,330,394
169=385,417,330,394
170=419,451,330,394
171=453,485,330,394
172=487,519,330,394
173=521,553,330,394
174=555,587,330,394
175=589,621,330,394
176=623,655,330,394
177=657,689,330,394
178=691,723,330,394
179=725,757,330,394
180=759,791,330,394
181=793,825,330,394
182=827,859,330,394
183=861,893,330,394
184=895,927,330,394
185=929,961,330,394
186=963,995,330,394
187=0,32,396,460
188=34,66,396,460
189=68,100,396,460
190=102,134,396,460
191=136,168,396,460
192=170,202,396,460
193=204,236,396,460
194=238,270,396,460
195=272,304,396,460
196=306,338,396,460
197=340,372,396,460
198=374,406,396,460
199=408,440,396,460
200=442,474,396,460
201=476,508,396,460
202=510,542,396,460
203=544,576,396,460
204=578,610,396,460
205=612,644,396,460
206=646,678,396,460
207=680,712,396,460
208=714,746,396,460
209=748,780,396,460
210=782,814,396,460
211=816,848,396,460
212=850,882,396,460
213=884,916,396,460
214=918,950,396,460
215=952,984,396,460
216=986,1018,396,460
217=0,32,462,526
218=34,66,462,526
219=68,100,462,526
220=102,134,462,526
221=136,168,462,526
222=170,202,462,526
223=204,236,462,526
224=238,270,462,526
225=272,304,462,526
226=306,338,462,526
227=340,372,462,526
228=374,406,462,526
229=408,440,462,526
230=442,474,462,526
231=476,508,462,526
232=510,542,462,526
233=544,576,462,526
234=578,610,462,526
235=612,644,462,526
236=646,678,462,526
237=680,712,462,526
238=714,746,462,526
239=748,780,462,526
240=782,814,462,526
241=816,848,462,526
242=850,882,462,526
243=884,916,462,526
244=918,950,462,526
245=952,984,462,526
246=986,1018,462,526
247=0,32,528,592
248=34,66,528,592
249=68,100,528,592
250=102,134,528,592
251=136,168,528,592
252=170,202,528,592
253=204,236,528,592

