32=0,8,0,60
33=10,23,0,60
34=25,43,0,60
35=45,75,0,60
36=77,103,0,60
37=105,138,0,60
38=140,168,0,60
39=170,179,0,60
40=181,196,0,60
41=198,213,0,60
42=215,228,0,60
43=230,256,0,60
44=258,266,0,60
45=268,282,0,60
46=284,293,0,60
47=295,314,0,60
48=316,342,0,60
49=344,362,0,60
50=364,388,0,60
51=390,415,0,60
52=417,441,0,60
53=443,469,0,60
54=471,497,0,60
55=499,518,0,60
56=520,546,0,60
57=548,574,0,60
58=576,586,0,60
59=588,598,0,60
60=600,626,0,60
61=628,654,0,60
62=656,682,0,60
63=684,709,0,60
64=711,748,0,60
65=750,774,0,60
66=776,803,0,60
67=805,832,0,60
68=834,861,0,60
69=863,883,0,60
70=885,904,0,60
71=906,932,0,60
72=934,961,0,60
73=963,977,0,60
74=979,995,0,60
75=0,26,62,122
76=28,46,62,122
77=48,82,62,122
78=84,110,62,122
79=112,138,62,122
80=140,164,62,122
81=166,192,62,122
82=194,220,62,122
83=222,247,62,122
84=249,271,62,122
85=273,299,62,122
86=301,325,62,122
87=327,365,62,122
88=367,389,62,122
89=391,414,62,122
90=416,435,62,122
91=437,451,62,122
92=453,472,62,122
93=474,488,62,122
94=490,513,62,122
95=515,542,62,122
96=544,560,62,122
97=562,586,62,122
98=588,613,62,122
99=615,639,62,122
100=641,666,62,122
101=668,693,62,122
102=695,709,62,122
103=711,736,62,122
104=738,763,62,122
105=765,778,62,122
106=780,793,62,122
107=795,818,62,122
108=820,833,62,122
109=835,872,62,122
110=874,899,62,122
111=901,926,62,122
112=928,953,62,122
113=955,980,62,122
114=982,999,62,122
115=0,23,124,184
116=25,40,124,184
117=42,67,124,184
118=69,90,124,184
119=92,123,124,184
120=125,146,124,184
121=148,170,124,184
122=172,189,124,184
123=191,209,124,184
124=211,224,124,184
125=226,244,124,184
126=246,271,124,184
127=273,309,124,184
128=311,336,124,184
129=338,338,124,184
130=340,348,124,184
131=350,371,124,184
132=373,390,124,184
133=392,419,124,184
134=421,447,124,184
135=449,475,124,184
136=477,493,124,184
137=495,544,124,184
138=546,571,124,184
139=573,583,124,184
140=585,618,124,184
141=620,620,124,184
142=622,641,124,184
143=643,643,124,184
144=645,645,124,184
145=647,655,124,184
146=657,665,124,184
147=667,684,124,184
148=686,703,124,184
149=705,722,124,184
150=724,748,124,184
151=750,798,124,184
152=800,816,124,184
153=818,856,124,184
154=858,881,124,184
155=883,893,124,184
156=895,932,124,184
157=934,934,124,184
158=936,953,124,184
159=955,978,124,184
160=980,988,124,184
161=990,1003,124,184
162=0,25,186,246
163=27,53,186,246
164=55,81,186,246
165=83,106,186,246
166=108,121,186,246
167=123,146,186,246
168=148,164,186,246
169=166,204,186,246
170=206,222,186,246
171=224,242,186,246
172=244,270,186,246
173=272,286,186,246
174=288,326,186,246
175=328,355,186,246
176=357,374,186,246
177=376,402,186,246
178=404,419,186,246
179=421,437,186,246
180=439,455,186,246
181=457,480,186,246
182=482,510,186,246
183=512,528,186,246
184=530,546,186,246
185=548,560,186,246
186=562,578,186,246
187=580,598,186,246
188=600,630,186,246
189=632,663,186,246
190=665,698,186,246
191=700,725,186,246
192=727,751,186,246
193=753,777,186,246
194=779,803,186,246
195=805,829,186,246
196=831,855,186,246
197=857,881,186,246
198=883,917,186,246
199=919,946,186,246
200=948,968,186,246
201=970,990,186,246
202=992,1012,186,246
203=0,20,248,308
204=22,36,248,308
205=38,52,248,308
206=54,68,248,308
207=70,84,248,308
208=86,113,248,308
209=115,141,248,308
210=143,169,248,308
211=171,197,248,308
212=199,225,248,308
213=227,253,248,308
214=255,281,248,308
215=283,309,248,308
216=311,337,248,308
217=339,365,248,308
218=367,393,248,308
219=395,421,248,308
220=423,449,248,308
221=451,474,248,308
222=476,500,248,308
223=502,528,248,308
224=530,554,248,308
225=556,580,248,308
226=582,606,248,308
227=608,632,248,308
228=634,658,248,308
229=660,684,248,308
230=686,722,248,308
231=724,748,248,308
232=750,775,248,308
233=777,802,248,308
234=804,829,248,308
235=831,856,248,308
236=858,871,248,308
237=873,886,248,308
238=888,901,248,308
239=903,916,248,308
240=918,943,248,308
241=945,970,248,308
242=972,997,248,308
243=0,25,310,370
244=27,52,310,370
245=54,79,310,370
246=81,106,310,370
247=108,134,310,370
248=136,161,310,370
249=163,188,310,370
250=190,215,310,370
251=217,242,310,370
252=244,269,310,370
253=271,293,310,370
