32=0,16,0,32
33=18,34,0,32
34=36,52,0,32
35=54,70,0,32
36=72,88,0,32
37=90,106,0,32
38=108,124,0,32
39=126,142,0,32
40=144,160,0,32
41=162,178,0,32
42=180,196,0,32
43=198,214,0,32
44=216,232,0,32
45=234,250,0,32
46=252,268,0,32
47=270,286,0,32
48=288,304,0,32
49=306,322,0,32
50=324,340,0,32
51=342,358,0,32
52=360,376,0,32
53=378,394,0,32
54=396,412,0,32
55=414,430,0,32
56=432,448,0,32
57=450,466,0,32
58=468,484,0,32
59=486,502,0,32
60=0,16,34,66
61=18,34,34,66
62=36,52,34,66
63=54,70,34,66
64=72,88,34,66
65=90,106,34,66
66=108,124,34,66
67=126,142,34,66
68=144,160,34,66
69=162,178,34,66
70=180,196,34,66
71=198,214,34,66
72=216,232,34,66
73=234,250,34,66
74=252,268,34,66
75=270,286,34,66
76=288,304,34,66
77=306,322,34,66
78=324,340,34,66
79=342,358,34,66
80=360,376,34,66
81=378,394,34,66
82=396,412,34,66
83=414,430,34,66
84=432,448,34,66
85=450,466,34,66
86=468,484,34,66
87=486,502,34,66
88=0,16,68,100
89=18,34,68,100
90=36,52,68,100
91=54,70,68,100
92=72,88,68,100
93=90,106,68,100
94=108,124,68,100
95=126,142,68,100
96=144,160,68,100
97=162,178,68,100
98=180,196,68,100
99=198,214,68,100
100=216,232,68,100
101=234,250,68,100
102=252,268,68,100
103=270,286,68,100
104=288,304,68,100
105=306,322,68,100
106=324,340,68,100
107=342,358,68,100
108=360,376,68,100
109=378,394,68,100
110=396,412,68,100
111=414,430,68,100
112=432,448,68,100
113=450,466,68,100
114=468,484,68,100
115=486,502,68,100
116=0,16,102,134
117=18,34,102,134
118=36,52,102,134
119=54,70,102,134
120=72,88,102,134
121=90,106,102,134
122=108,124,102,134
123=126,142,102,134
124=144,160,102,134
125=162,178,102,134
126=180,196,102,134
127=198,214,102,134
128=216,232,102,134
129=234,234,102,134
130=236,252,102,134
131=254,270,102,134
132=272,288,102,134
133=290,306,102,134
134=308,324,102,134
135=326,342,102,134
136=344,360,102,134
137=362,378,102,134
138=380,396,102,134
139=398,414,102,134
140=416,432,102,134
141=434,434,102,134
142=436,452,102,134
143=454,454,102,134
144=456,456,102,134
145=458,474,102,134
146=476,492,102,134
147=494,510,102,134
148=0,16,136,168
149=18,34,136,168
150=36,52,136,168
151=54,70,136,168
152=72,88,136,168
153=90,106,136,168
154=108,124,136,168
155=126,142,136,168
156=144,160,136,168
157=162,162,136,168
158=164,180,136,168
159=182,198,136,168
160=200,216,136,168
161=218,234,136,168
162=236,252,136,168
163=254,270,136,168
164=272,288,136,168
165=290,306,136,168
166=308,324,136,168
167=326,342,136,168
168=344,360,136,168
169=362,378,136,168
170=380,396,136,168
171=398,414,136,168
172=416,432,136,168
173=434,450,136,168
174=452,468,136,168
175=470,486,136,168
176=488,504,136,168
177=0,16,170,202
178=18,34,170,202
179=36,52,170,202
180=54,70,170,202
181=72,88,170,202
182=90,106,170,202
183=108,124,170,202
184=126,142,170,202
185=144,160,170,202
186=162,178,170,202
187=180,196,170,202
188=198,214,170,202
189=216,232,170,202
190=234,250,170,202
191=252,268,170,202
192=270,286,170,202
193=288,304,170,202
194=306,322,170,202
195=324,340,170,202
196=342,358,170,202
197=360,376,170,202
198=378,394,170,202
199=396,412,170,202
200=414,430,170,202
201=432,448,170,202
202=450,466,170,202
203=468,484,170,202
204=486,502,170,202
205=0,16,204,236
206=18,34,204,236
207=36,52,204,236
208=54,70,204,236
209=72,88,204,236
210=90,106,204,236
211=108,124,204,236
212=126,142,204,236
213=144,160,204,236
214=162,178,204,236
215=180,196,204,236
216=198,214,204,236
217=216,232,204,236
218=234,250,204,236
219=252,268,204,236
220=270,286,204,236
221=288,304,204,236
222=306,322,204,236
223=324,340,204,236
224=342,358,204,236
225=360,376,204,236
226=378,394,204,236
227=396,412,204,236
228=414,430,204,236
229=432,448,204,236
230=450,466,204,236
231=468,484,204,236
232=486,502,204,236
233=0,16,238,270
234=18,34,238,270
235=36,52,238,270
236=54,70,238,270
237=72,88,238,270
238=90,106,238,270
239=108,124,238,270
240=126,142,238,270
241=144,160,238,270
242=162,178,238,270
243=180,196,238,270
244=198,214,238,270
245=216,232,238,270
246=234,250,238,270
247=252,268,238,270
248=270,286,238,270
249=288,304,238,270
250=306,322,238,270
251=324,340,238,270
252=342,358,238,270
253=360,376,238,270

